id      id_enc  age             avg_glucose_levebmi     bmi_enc gender  gender_ehypertenhypertenheart_diheart_diever_marever_marwork_typwork_typResidencResidencsmoking_smoking_stroke  stroke_enc
    9046       1min            8min         5512      -1    1000       0       1       0       1       0       1       0       1       0       1       0       1       0       1       0       1
   51676       2max         8200max        27174min         1030       1       2       1       2       1       2       1       2       1       2       1       2       1       2       1       2
   31112       3                                max         9730                                                                       2       3                       2       3
   60182       4                                                                                                                       3       4                       3       4
    1665       5                                                                                                                       4       5
   56669       6
   53882       7
   10434       8
   27419       9
   60491      10
   12109      11
   12095      12
   12175      13
    8213      14
    5317      15
   58202      16
   56112      17
   34120      18
   27458      19
   25226      20
   70630      21
   13861      22
   68794      23
   64778      24
    4219      25
   70822      26
   38047      27
   61843      28
   54827      29
   69160      30
   43717      31
   33879      32
   39373      33
   54401      34
   14248      35
     712      36
   47269      37
   24977      38
   47306      39
   62602      40
    4651      41
    1261      42
   61960      43
    1845      44
    7937      45
   19824      46
   37937      47
   47472      48
   35626      49
   36338      50
   18587      51
   15102      52
   59190      53
   47167      54
    8752      55
   25831      56
   38829      57
   66400      58
   58631      59
    5111      60
   10710      61
   55927      62
   65842      63
   19557      64
    7356      65
   17013      66
   17004      67
   72366      68
    6118      69
    7371      70
   70676      71
    2326      72
   27169      73
   50784      74
   19773      75
   66159      76
   36236      77
   71673      78
   45805      79
   42117      80
   57419      81
   26015      82
   26727      83
   66638      84
   70042      85
   32399      86
    3253      87
   71796      88
   14499      89
   49130      90
   28291      91
   51169      92
   66315      93
   37726      94
   54385      95
    2458      96
   35512      97
   56841      98
    8154      99
    4639     100
   12363     101
   63973     102
   45277     103
    4712     104
   33175     105
    2346     106
   42072     107
   12062     108
   30456     109
   59125     110
   56546     111
   48405     112
   36706     113
   41069     114
   71639     115
   53401     116
   60744     117
    7547     118
   31720     119
    5563     120
   68798     121
   72918     122
   13491     123
   44033     124
   14164     125
   50522     126
    3352     127
   70943     128
   37132     129
   48796     130
   53440     131
   16817     132
   69551     133
   31563     134
   20387     135
   71279     136
   55824     137
   11762     138
   29281     139
   30683     140
   20439     141
   45965     142
    8045     143
   37651     144
   17308     145
   67981     146
   41241     147
   62861     148
   72081     149
   58978     150
   11933     151
   46703     152
   32503     153
   12482     154
   56939     155
   24669     156
   43054     157
   59437     158
   66258     159
   34567     160
   50931     161
   16590     162
   69768     163
   20426     164
    3512     165
   42899     166
   63453     167
   43364     168
   44993     169
     210     170
   28939     171
   60739     172
   67432     173
    2182     174
   40899     175
   14431     176
   62466     177
   36841     178
   33486     179
   65105     180
   54567     181
   66204     182
   39912     183
    8003     184
   28378     185
   41081     186
   16077     187
   67895     188
   30184     189
   66955     190
   24905     191
   66071     192
   36255     193
   69112     194
   23410     195
   64373     196
   58267     197
   35684     198
   18937     199
     491     200
   54695     201
   68627     202
    8580     203
   28484     204
   62019     205
   51314     206
   37060     207
   35578     208
   54921     209
   33454     210
   33943     211
   62439     212
   31179     213
   66866     214
    2548     215
   68025     216
    2390     217
   29552     218
   25904     219
   31421     220
   20463     221
   68023     222
   12689     223
   54724     224
    8899     225
   39186     226
   32729     227
   39105     228
   31154     229
   69959     230
   10552     231
   12917     232
   68356     233
   23368     234
   25974     235
    1210     236
   28493     237
   36857     238
    1836     239
   32221     240
   10548     241
   52282     242
   45535     243
   40460     244
   17739     245
   49669     246
   27153     247
   34060     248
   43424     249
   30669     250
   30468     251
   16523     252
   56543     253
   46136     254
   32257     255
   52800     256
   41413     257
   15266     258
   28674     259
   10460     260
   64908     261
   63884     262
   37893     263
   67855     264
   25774     265
   19584     266
   24447     267
   49589     268
   17986     269
   29217     270
   72911     271
   47175     272
    4057     273
   48588     274
   70336     275
   66767     276
   45801     277
   36275     278
   11577     279
   67210     280
   29908     281
   45222     282
   33759     283
   40311     284
   26325     285
   65460     286
   36811     287
   71750     288
   70970     289
   42203     290
   55680     291
   11014     292
   44338     293
   20980     294
   34974     295
   71379     296
   58261     297
   67318     298
   28526     299
    8831     300
   65199     301
   43454     302
    7282     303
   18518     304
   41648     305
   49003     306
   16371     307
   42807     308
   40181     309
   66174     310
   45538     311
    6319     312
   68249     313
   55232     314
   11120     315
   41940     316
   72214     317
   37089     318
   68614     319
    1686     320
   22284     321
   39038     322
   21956     323
   52134     324
   30171     325
    4480     326
    2982     327
   65535     328
   29865     329
   54918     330
   59368     331
   65836     332
   21130     333
    1703     334
   16934     335
   28799     336
   32689     337
   56357     338
   18051     339
   40840     340
   10449     341
   38805     342
   31091     343
   45053     344
   61837     345
    9487     346
   49713     347
   17608     348
   28102     349
    1506     350
   28333     351
   62608     352
   40670     353
    4630     354
   21284     355
   49421     356
    5973     357
   42996     358
   66333     359
   46785     360
   54312     361
   21408     362
   49916     363
    7559     364
   71038     365
   69037     366
   58617     367
   69064     368
    9404     369
    8171     370
   28286     371
   43232     372
   10159     373
   34402     374
   58282     375
   64489     376
   22706     377
   71539     378
   28637     379
   64553     380
   31741     381
   69936     382
   46527     383
   22537     384
   50611     385
   13547     386
   63732     387
    9608     388
   10504     389
   37090     390
   60148     391
    9637     392
   44862     393
   52173     394
    5708     395
   23462     396
    2374     397
   11091     398
   70374     399
   15528     400
   65357     401
   49465     402
   31143     403
   66972     404
   55810     405
   37031     406
   34608     407
   36007     408
   14123     409
   48298     410
   54975     411
   27213     412
   44749     413
   46468     414
   10913     415
   51983     416
   27029     417
   22320     418
   45719     419
     129     420
   20351     421
     530     422
   55351     423
   67431     424
   20546     425
    6107     426
   50305     427
   52342     428
   59906     429
   59729     430
   53144     431
    3655     432
   11999     433
   12985     434
   38119     435
    3355     436
   22091     437
    5010     438
   67177     439
   58600     440
   56681     441
   56716     442
   65946     443
   61350     444
   17291     445
   61465     446
   18108     447
   48368     448
   36471     449
   15689     450
    8233     451
   46436     452
   23221     453
   31830     454
   15296     455
    7351     456
   66196     457
   17718     458
   31164     459
   48272     460
    2893     461
   34376     462
   18498     463
   56735     464
    8595     465
     621     466
    1307     467
   35846     468
   28645     469
    5835     470
   46474     471
   69687     472
    2953     473
   11838     474
    9179     475
   38165     476
   63050     477
   22470     478
   71585     479
   15649     480
   11974     481
    3009     482
   32361     483
   41523     484
   53910     485
   67548     486
   50441     487
   16927     488
   28265     489
   33404     490
   50965     491
   21077     492
   12982     493
   66570     494
   29158     495
   34299     496
   54375     497
   37832     498
   21058     499
    7696     500
   34668     501
   68483     502
    6072     503
   51112     504
   69673     505
   71238     506
   63958     507
   34511     508
   24892     509
   29496     510
   19939     511
   27832     512
   27757     513
   31279     514
   25099     515
   67733     516
    9201     517
   33123     518
   21713     519
   22622     520
    6726     521
   17242     522
   16380     523
    9729     524
   56974     525
   29933     526
   65574     527
   17019     528
   41800     529
    7621     530
    6855     531
    5374     532
   31564     533
   26028     534
   71808     535
   56998     536
   14712     537
   23094     538
   43134     539
   40622     540
   39383     541
   63606     542
   46438     543
   65144     544
     545     545
   36331     546
   42359     547
   20751     548
   34641     549
   15791     550
   68241     551
   67780     552
   68275     553
   13129     554
   60902     555
   37629     556
   58439     557
   62936     558
   29010     559
   36561     560
   44912     561
   59829     562
   45238     563
   47811     564
   61511     565
   55424     566
   36942     567
   61697     568
   55138     569
   39399     570
   17148     571
     721     572
   40448     573
   58007     574
   15095     575
   11960     576
   56179     577
   24592     578
   67744     579
    8328     580
   32437     581
   44315     582
   68245     583
   25483     584
   47732     585
   50118     586
   55420     587
   55709     588
   15311     589
   53660     590
   56553     591
   30480     592
   31988     593
   59807     594
   45585     595
   39639     596
   52063     597
   40639     598
   31090     599
   64174     600
    8544     601
   27377     602
    3361     603
   61408     604
   33552     605
   31364     606
    7446     607
    9906     608
   65130     609
   27794     610
   48993     611
   30753     612
   46809     613
   22853     614
   12465     615
   64849     616
   39659     617
   24183     618
   71533     619
   35565     620
   34558     621
   42553     622
   39601     623
   46891     624
   38987     625
   21886     626
    5353     627
   44300     628
   48144     629
   46218     630
   39745     631
   13517     632
   36355     633
   22678     634
    2532     635
   52512     636
    3579     637
    3130     638
    5545     639
   63693     640
   34363     641
   23650     642
   53515     643
   33528     644
   23046     645
   11068     646
   62233     647
    7291     648
   36814     649
   48265     650
   10139     651
   12662     652
   43174     653
   72823     654
   30567     655
   41927     656
   54866     657
   20364     658
   21117     659
   50491     660
   61013     661
   71010     662
   23551     663
   10997     664
   12738     665
   57772     666
   16615     667
   62999     668
   68995     669
   66184     670
   53010     671
     967     672
   31145     673
   54338     674
   22870     675
   13223     676
   57523     677
   67932     678
   10255     679
   68131     680
   29873     681
   54182     682
   61300     683
   15274     684
   53016     685
   28848     686
   27012     687
    7745     688
   20541     689
    5892     690
   66883     691
   43196     692
   12593     693
   51514     694
   15553     695
   45796     696
   31840     697
   58767     698
   14391     699
   22321     700
   38184     701
   13997     702
   41673     703
   27796     704
   18390     705
   63409     706
    9752     707
   72882     708
   49744     709
   49086     710
   40866     711
   47523     712
   63561     713
   51422     714
   56870     715
    3590     716
   60665     717
   40791     718
   54304     719
   22485     720
   18430     721
   19234     722
   52454     723
   13365     724
   60983     725
   14615     726
   50277     727
   50811     728
   16575     729
    1246     730
   11176     731
   30712     732
   31308     733
    9612     734
    3325     735
   52808     736
   41513     737
   36109     738
   53336     739
   56831     740
   52580     741
   55592     742
   33723     743
   26235     744
   16685     745
   44583     746
   25315     747
   58227     748
   60810     749
   34612     750
    8320     751
   25595     752
   30550     753
   49529     754
   13367     755
   33585     756
   49785     757
    6886     758
   38609     759
   22159     760
   37413     761
    4169     762
   40055     763
   18888     764
   45283     765
   42503     766
   23645     767
   62382     768
   59521     769
   55386     770
   22685     771
   46745     772
   72547     773
   26973     774
   41033     775
    5046     776
   71442     777
   49624     778
   10572     779
   55847     780
   42441     781
   28910     782
   10381     783
   14387     784
   31956     785
   17813     786
   24665     787
   13683     788
    7387     789
   57011     790
   22384     791
   24108     792
   50053     793
   69427     794
   21688     795
   60777     796
   64732     797
   42710     798
   46683     799
   58909     800
   51125     801
   29077     802
    4970     803
   58291     804
   18616     805
      99     806
   55529     807
   12204     808
   21397     809
   64633     810
   23016     811
   18412     812
   67412     813
   37545     814
   10324     815
   14491     816
   64582     817
   25514     818
    7663     819
   66220     820
   71793     821
   25458     822
   69645     823
   53695     824
   26692     825
   33400     826
   67078     827
   32352     828
   22540     829
   26999     830
   65218     831
   30102     832
   49521     833
   54643     834
   29134     835
   68281     836
   40350     837
   33410     838
   39375     839
    2543     840
   45289     841
   12106     842
   10792     843
   19153     844
   47876     845
   25283     846
   12270     847
   49949     848
   50826     849
   28681     850
   41615     851
   14147     852
   41537     853
   62332     854
   25488     855
   45759     856
   71929     857
   14807     858
   16110     859
   40970     860
   28933     861
   11709     862
   37154     863
   16809     864
   13907     865
    2314     866
   70380     867
   63058     868
   54071     869
   67405     870
   28024     871
   11730     872
    2549     873
   17245     874
   70852     875
   60957     876
   19742     877
   10782     878
   61742     879
    4808     880
   13571     881
   49928     882
   52688     883
   24099     884
   65698     885
   47885     886
   13948     887
   17351     888
     820     889
   55721     890
   72310     891
   24115     892
   65766     893
   42482     894
   25627     895
    7122     896
   48755     897
   33551     898
   62716     899
   68438     900
   41148     901
   14924     902
   47950     903
    8008     904
   56089     905
    9262     906
   71896     907
   38623     908
   26503     909
    5475     910
   15525     911
   48748     912
   11745     913
   17733     914
   71591     915
   11743     916
   67864     917
   34857     918
   34995     919
    3606     920
   22952     921
   32554     922
   45893     923
   72020     924
   57879     925
   53538     926
   17006     927
   36638     928
   41097     929
   36618     930
   37290     931
   54620     932
   42108     933
   19681     934
    6988     935
   25287     936
     224     937
   56679     938
   27146     939
   16556     940
    5934     941
   58999     942
   28261     943
   35222     944
   44105     945
   65256     946
   62709     947
   36698     948
    7273     949
   20044     950
   54769     951
   57372     952
   30605     953
   13622     954
   12686     955
   39250     956
    2879     957
   59684     958
   48830     959
   56986     960
   47924     961
   16402     962
   40889     963
    4083     964
   59336     965
    5684     966
   48843     967
    5694     968
    3673     969
   44481     970
   10538     971
    9648     972
   19101     973
   31867     974
   11973     975
   23633     976
   52549     977
   59178     978
   37349     979
   44281     980
   55599     981
   45224     982
   54747     983
    2751     984
    6090     985
   46385     986
   46323     987
   28122     988
   50843     989
   64464     990
   66922     991
   66494     992
   42786     993
   33401     994
   24174     995
   60211     996
   53279     997
   61715     998
   37830     999
    2454    1000
   60663    1001
   46875    1002
   69091    1003
    1821    1004
   44978    1005
    3437    1006
    6355    1007
   10762    1008
   58567    1009
   62187    1010
      84    1011
    8521    1012
   72779    1013
   45824    1014
   61838    1015
   57212    1016
   62668    1017
   33142    1018
   17437    1019
   38303    1020
   12396    1021
   36484    1022
   60047    1023
   16542    1024
   18805    1025
   17869    1026
    6793    1027
   49265    1028
    6606    1029
   23031    1030
   69330    1031
   22902    1032
   69622    1033
    4807    1034
    9641    1035
   10313    1036
   12097    1037
   58037    1038
   45323    1039
   34281    1040
    7990    1041
   57622    1042
   39120    1043
   68344    1044
   66752    1045
   11691    1046
    5077    1047
   13319    1048
   49279    1049
   53815    1050
   42856    1051
   51579    1052
   10752    1053
   42133    1054
    4842    1055
   58138    1056
   58203    1057
   65053    1058
   24168    1059
    5824    1060
    6965    1061
    8332    1062
   61973    1063
   42821    1064
   18687    1065
   72642    1066
   54782    1067
   55862    1068
   24437    1069
   10367    1070
   42550    1071
   14178    1072
   65429    1073
   66530    1074
   43146    1075
    3509    1076
   57497    1077
   15220    1078
    4813    1079
   31166    1080
    9051    1081
   28669    1082
   59894    1083
   18684    1084
   35866    1085
   51907    1086
    7250    1087
   16147    1088
   18306    1089
   69143    1090
   61769    1091
   26134    1092
   67603    1093
   66772    1094
   41861    1095
     954    1096
   37888    1097
   34326    1098
   42329    1099
   23565    1100
   27323    1101
   57854    1102
   18414    1103
   72836    1104
   17708    1105
   66321    1106
   53817    1107
   66678    1108
   56734    1109
   32240    1110
   28127    1111
   20347    1112
   40824    1113
   38678    1114
   29380    1115
     809    1116
   65453    1117
    9415    1118
   30989    1119
   65258    1120
   67052    1121
   62756    1122
   69224    1123
   13323    1124
   59940    1125
   49042    1126
   66362    1127
   46093    1128
   10370    1129
     156    1130
   11105    1131
   22363    1132
   46072    1133
   65667    1134
   47848    1135
   71440    1136
   35231    1137
   59734    1138
    1893    1139
   32733    1140
   34728    1141
   30352    1142
   61338    1143
   59275    1144
   45497    1145
   19996    1146
   50371    1147
   32687    1148
   35295    1149
   15746    1150
   31517    1151
   43268    1152
   54540    1153
   20973    1154
   56245    1155
    9225    1156
   45955    1157
    3532    1158
   41291    1159
   53943    1160
   52550    1161
   47414    1162
   38804    1163
   72861    1164
   53276    1165
   30944    1166
   33622    1167
   26191    1168
   69312    1169
   39661    1170
   20162    1171
   48989    1172
   30411    1173
   47735    1174
   51162    1175
    8598    1176
   57347    1177
    4683    1178
   55775    1179
   32645    1180
   46643    1181
     782    1182
   63565    1183
   13602    1184
   28326    1185
   26389    1186
   16906    1187
   35140    1188
   16837    1189
    2750    1190
   47585    1191
   37404    1192
   39518    1193
   70678    1194
     542    1195
   38649    1196
   53266    1197
   26031    1198
    1191    1199
   36820    1200
   62783    1201
   10133    1202
   19778    1203
   38255    1204
   41565    1205
   39423    1206
   68908    1207
   22440    1208
   28418    1209
   22566    1210
    7055    1211
   69177    1212
   33162    1213
   44764    1214
   32157    1215
   61983    1216
   72268    1217
   39467    1218
   20282    1219
   51159    1220
    7167    1221
   59147    1222
   18192    1223
   14049    1224
   35927    1225
   28150    1226
    8727    1227
    7516    1228
    6419    1229
   20425    1230
   59878    1231
   69355    1232
    5858    1233
   39823    1234
   37053    1235
    2082    1236
   48073    1237
   16449    1238
    5447    1239
   27145    1240
   30328    1241
     739    1242
   44224    1243
     533    1244
   45554    1245
   32884    1246
   55744    1247
   28414    1248
   25767    1249
   71319    1250
   70031    1251
   23604    1252
   46576    1253
   31293    1254
   70610    1255
    6044    1256
   62284    1257
    5821    1258
   22295    1259
   27583    1260
    9696    1261
    1164    1262
   48781    1263
   50947    1264
   47844    1265
   45209    1266
   49412    1267
   43088    1268
   16355    1269
   43172    1270
   43155    1271
   11882    1272
   45669    1273
   65339    1274
   60399    1275
   59604    1276
   22488    1277
   33187    1278
   44192    1279
   16114    1280
   35293    1281
     728    1282
   45788    1283
   52150    1284
   26172    1285
   67814    1286
   12618    1287
   28952    1288
   39123    1289
   53967    1290
   34772    1291
   43124    1292
   51916    1293
   68003    1294
   59157    1295
   54383    1296
    6928    1297
     321    1298
   21857    1299
   33526    1300
   37327    1301
   55976    1302
   56090    1303
   38350    1304
    6040    1305
   17639    1306
    1678    1307
   27572    1308
   57668    1309
   22001    1310
   54184    1311
   27966    1312
    4702    1313
   38123    1314
   47345    1315
   17222    1316
   45048    1317
   30084    1318
    7195    1319
   16260    1320
   52457    1321
   50650    1322
   35913    1323
   52306    1324
     132    1325
    8951    1326
   64752    1327
   51285    1328
   14349    1329
   40571    1330
   40624    1331
   13072    1332
   66310    1333
   58101    1334
   22969    1335
   28904    1336
    6563    1337
   55315    1338
   47537    1339
   45945    1340
   65849    1341
   31125    1342
    5103    1343
   54526    1344
   67309    1345
    2275    1346
   29869    1347
   15757    1348
   38523    1349
   65388    1350
   60816    1351
   67350    1352
   40124    1353
   20370    1354
   35188    1355
   28716    1356
   56166    1357
   47159    1358
   26242    1359
   36226    1360
   47357    1361
   33167    1362
   21042    1363
   71062    1364
   32723    1365
   49646    1366
   35737    1367
   24256    1368
   62340    1369
   39927    1370
   30677    1371
   50453    1372
   17398    1373
   20938    1374
   21850    1375
   14241    1376
   43905    1377
   40144    1378
    7806    1379
   63984    1380
   13504    1381
   62272    1382
    5878    1383
   62767    1384
     239    1385
    3184    1386
   51959    1387
    2092    1388
   69239    1389
   68235    1390
    3956    1391
   42703    1392
   34436    1393
   39258    1394
   40513    1395
   48648    1396
   48836    1397
   71444    1398
   33983    1399
   35372    1400
   31849    1401
    2772    1402
   11148    1403
   62387    1404
   50775    1405
    3807    1406
   51339    1407
   69259    1408
   32826    1409
   12414    1410
   21381    1411
   29375    1412
   62452    1413
   68650    1414
   47622    1415
   57124    1416
   19382    1417
   44179    1418
   50098    1419
   24674    1420
   72361    1421
   14563    1422
   40237    1423
   36523    1424
   65970    1425
    1577    1426
   51109    1427
    5984    1428
   46373    1429
   13062    1430
   47770    1431
   32459    1432
   12687    1433
    7725    1434
   67217    1435
   49976    1436
   71318    1437
   42201    1438
   11232    1439
   14709    1440
   57137    1441
   36858    1442
   50373    1443
   51124    1444
   13191    1445
   47330    1446
   42191    1447
   35332    1448
   49341    1449
   64750    1450
   70259    1451
   36960    1452
   12992    1453
    4692    1454
   62460    1455
   72132    1456
   41402    1457
   40253    1458
   63577    1459
   11726    1460
   13736    1461
   43913    1462
   41870    1463
   37907    1464
   15987    1465
   57166    1466
   44950    1467
   47627    1468
   42460    1469
    8723    1470
   52559    1471
     937    1472
   41271    1473
   66893    1474
   21491    1475
   51806    1476
   59412    1477
     742    1478
   42902    1479
   43059    1480
   61512    1481
   10943    1482
   11447    1483
   29233    1484
   17762    1485
   46284    1486
    1405    1487
   38493    1488
   57953    1489
   30746    1490
   16949    1491
   45297    1492
   40251    1493
   27013    1494
    7586    1495
   26452    1496
   16378    1497
    5137    1498
    4559    1499
   45357    1500
   45257    1501
   34386    1502
   15219    1503
   39202    1504
    9076    1505
   72824    1506
   64132    1507
   52987    1508
   17827    1509
   29378    1510
   29327    1511
   48609    1512
    4833    1513
    8085    1514
   41820    1515
   72474    1516
   32094    1517
   66818    1518
   49057    1519
   18070    1520
   17860    1521
   17078    1522
   23836    1523
    5296    1524
   48184    1525
    9511    1526
   19389    1527
   25559    1528
   11770    1529
   34496    1530
    8096    1531
   49709    1532
   19735    1533
   31415    1534
   71322    1535
   72337    1536
   25454    1537
   15310    1538
   10245    1539
   29224    1540
    7550    1541
   57917    1542
   24219    1543
   49023    1544
   51020    1545
   52089    1546
   29095    1547
   41424    1548
    7297    1549
   68994    1550
   25935    1551
   29910    1552
   24567    1553
   54858    1554
   36679    1555
   59339    1556
   18754    1557
   34312    1558
   57798    1559
   37759    1560
   11605    1561
   47558    1562
   54264    1563
   47893    1564
    3178    1565
   61924    1566
   18141    1567
   58015    1568
     354    1569
    5777    1570
   43271    1571
   46210    1572
   39714    1573
   21785    1574
   36620    1575
   49495    1576
   21720    1577
    6304    1578
   18887    1579
   30214    1580
   66419    1581
   57468    1582
   24218    1583
   69792    1584
    6372    1585
   34664    1586
   40931    1587
   28559    1588
   15166    1589
   49815    1590
    1625    1591
   56309    1592
   30116    1593
   52034    1594
   35584    1595
    2898    1596
   16593    1597
   17175    1598
   63663    1599
   10603    1600
   40544    1601
   49152    1602
    1231    1603
   43672    1604
   25107    1605
   39286    1606
   32766    1607
   15988    1608
    9011    1609
   38043    1610
   71721    1611
   14832    1612
   38094    1613
   49789    1614
   47350    1615
   33525    1616
   12318    1617
   54553    1618
   45976    1619
   43675    1620
   12915    1621
    4542    1622
   65801    1623
   59953    1624
   60973    1625
   68739    1626
   35829    1627
   53909    1628
    5799    1629
   43772    1630
    3154    1631
   45754    1632
   57485    1633
    6128    1634
   22623    1635
   37082    1636
   64541    1637
   47037    1638
   48614    1639
   15969    1640
   17752    1641
   50889    1642
   56459    1643
   34163    1644
    4538    1645
   14222    1646
   31461    1647
   34001    1648
   48964    1649
   40393    1650
   16488    1651
   47947    1652
   51149    1653
   17079    1654
   44781    1655
   29385    1656
   53610    1657
   48210    1658
   48072    1659
   32776    1660
    8960    1661
   63491    1662
   51883    1663
   20460    1664
   47181    1665
   35432    1666
   44010    1667
   50841    1668
   71044    1669
    1842    1670
   34720    1671
    9489    1672
   28725    1673
   30290    1674
   13723    1675
   26328    1676
   60104    1677
   48722    1678
   14481    1679
   67963    1680
   70752    1681
   52419    1682
   14711    1683
   26366    1684
   12436    1685
   36722    1686
   37698    1687
   55235    1688
   20468    1689
   14677    1690
   44171    1691
   70344    1692
    8470    1693
   42743    1694
   13949    1695
   61096    1696
   19239    1697
   70447    1698
    6879    1699
   37451    1700
    5686    1701
    4789    1702
     897    1703
   69553    1704
   58438    1705
   29104    1706
   26862    1707
   38036    1708
   36666    1709
   16316    1710
   61365    1711
   12512    1712
   31835    1713
    4099    1714
   26893    1715
   35143    1716
    1486    1717
    5043    1718
    2513    1719
    5451    1720
    3640    1721
   17835    1722
   26826    1723
   45713    1724
   37660    1725
   24782    1726
   63416    1727
   16953    1728
   42082    1729
   51660    1730
   27135    1731
   54058    1732
   24272    1733
   16028    1734
   49645    1735
   54347    1736
    4861    1737
   54353    1738
   71016    1739
   33768    1740
   62681    1741
   41007    1742
   35450    1743
   62793    1744
   66592    1745
   33462    1746
   29804    1747
   33906    1748
   43510    1749
   21202    1750
    7222    1751
   13561    1752
   29179    1753
    5511    1754
   20825    1755
   67144    1756
   15515    1757
    3753    1758
   27279    1759
   48759    1760
   69524    1761
   28443    1762
   38578    1763
   66502    1764
   50978    1765
    9034    1766
   16582    1767
   28500    1768
   70241    1769
   32452    1770
   45573    1771
   64412    1772
   66647    1773
   39450    1774
   57109    1775
    3591    1776
   25138    1777
   17277    1778
   35333    1779
   18861    1780
   15120    1781
   29221    1782
   11412    1783
   38858    1784
    6802    1785
    8644    1786
   54579    1787
   41935    1788
   17926    1789
   13862    1790
   64523    1791
   66065    1792
   71869    1793
   11024    1794
   46035    1795
   24630    1796
   11238    1797
   54946    1798
   24229    1799
   29934    1800
   28998    1801
   19805    1802
   63668    1803
   24876    1804
   34719    1805
   48769    1806
   22536    1807
    8760    1808
   53126    1809
   18179    1810
   38242    1811
   68708    1812
   12366    1813
   42465    1814
   24638    1815
   58587    1816
    9170    1817
   36545    1818
   19467    1819
   16868    1820
   47608    1821
   38440    1822
   23543    1823
   65396    1824
   34621    1825
   23561    1826
   16091    1827
   63597    1828
   57533    1829
   59370    1830
   57285    1831
   17515    1832
   23988    1833
   34958    1834
   30620    1835
   31811    1836
    1818    1837
    5478    1838
   26830    1839
   25883    1840
   43657    1841
   71917    1842
   61299    1843
   24603    1844
   70654    1845
   49485    1846
   61641    1847
   12600    1848
   11566    1849
   72108    1850
   35117    1851
   22967    1852
   28913    1853
   70857    1854
   42229    1855
   23459    1856
    2209    1857
   38673    1858
   42184    1859
   59250    1860
   29525    1861
   42713    1862
   16066    1863
   33692    1864
   29232    1865
   70122    1866
   25305    1867
   66110    1868
   69461    1869
    7885    1870
   60050    1871
   21608    1872
   32150    1873
   48069    1874
   24066    1875
   39242    1876
   57618    1877
   14599    1878
   27479    1879
   10238    1880
   49014    1881
   67063    1882
   38488    1883
   33298    1884
   48739    1885
   52428    1886
   61171    1887
   40878    1888
   61247    1889
   27799    1890
    2824    1891
   12376    1892
   72435    1893
   46864    1894
    2019    1895
   26154    1896
   47972    1897
   47751    1898
   25405    1899
   34525    1900
   13755    1901
   56019    1902
   67942    1903
   43806    1904
   39849    1905
    7344    1906
    1741    1907
   52220    1908
   20129    1909
   61178    1910
   48226    1911
    1151    1912
    6672    1913
   10333    1914
   11134    1915
   25199    1916
   66490    1917
   10390    1918
   33144    1919
   72497    1920
   16783    1921
     727    1922
   51935    1923
   44177    1924
    2421    1925
   48693    1926
    5723    1927
   29470    1928
   71590    1929
   16600    1930
   28309    1931
   41911    1932
    3390    1933
   31806    1934
   68750    1935
   32840    1936
   49797    1937
   72096    1938
   13503    1939
   41536    1940
   17441    1941
   62238    1942
     737    1943
    4627    1944
   47208    1945
    6844    1946
   60001    1947
   44503    1948
   44938    1949
   40371    1950
   39011    1951
    1460    1952
   48364    1953
   30285    1954
   21472    1955
   71182    1956
   33412    1957
   16061    1958
   60266    1959
   70965    1960
   56736    1961
    6537    1962
   41827    1963
   49480    1964
   36704    1965
    8884    1966
   49775    1967
   25777    1968
    2070    1969
   15752    1970
   45915    1971
   48775    1972
   65697    1973
   65229    1974
   56889    1975
    6596    1976
   46577    1977
   63455    1978
   21724    1979
   29863    1980
   69249    1981
    8968    1982
   20310    1983
   11450    1984
   31999    1985
   34133    1986
   44202    1987
   72311    1988
   18704    1989
   36518    1990
   35651    1991
   13749    1992
   21521    1993
   27163    1994
    8882    1995
   32016    1996
   14287    1997
   60139    1998
    2447    1999
   42500    2000
   44391    2001
   12741    2002
   15418    2003
   69482    2004
   32270    2005
   50983    2006
    6493    2007
   45399    2008
   67099    2009
   19585    2010
   26247    2011
   25818    2012
   34261    2013
   64128    2014
   62817    2015
   69339    2016
   25919    2017
   71978    2018
    1473    2019
   66546    2020
   56584    2021
   38316    2022
   15647    2023
   59933    2024
    3429    2025
   60963    2026
   67689    2027
   31689    2028
   23240    2029
   30850    2030
   38920    2031
   66080    2032
   57263    2033
   60126    2034
   64393    2035
   69285    2036
   24428    2037
   59642    2038
   12064    2039
   59737    2040
   19352    2041
   61903    2042
   47701    2043
   15225    2044
   66431    2045
   57236    2046
   48453    2047
    8031    2048
   39139    2049
    4838    2050
   22689    2051
   37752    2052
   32320    2053
   14889    2054
   13964    2055
   31746    2056
   17492    2057
    1499    2058
   34396    2059
   36750    2060
   68816    2061
   16129    2062
   64006    2063
   51845    2064
   30692    2065
   65712    2066
   42161    2067
   16938    2068
   16113    2069
   29388    2070
   65109    2071
   61242    2072
   65252    2073
   49615    2074
   63511    2075
   14089    2076
   16987    2077
   53399    2078
   36946    2079
   55522    2080
   27954    2081
    5355    2082
   69069    2083
   11539    2084
   16847    2085
   15873    2086
   15415    2087
   22891    2088
    7394    2089
   29915    2090
   62607    2091
   24404    2092
   69666    2093
   54997    2094
    6199    2095
    4635    2096
    3305    2097
   24342    2098
   65093    2099
   46261    2100
   42624    2101
   24735    2102
   50671    2103
    1679    2104
   66680    2105
   34248    2106
   65336    2107
   68333    2108
   60210    2109
   11573    2110
   67890    2111
   49254    2112
    9199    2113
   35402    2114
   25996    2115
    8345    2116
   63219    2117
    8770    2118
   22370    2119
   25930    2120
   33478    2121
   23009    2122
   24885    2123
   58591    2124
   44777    2125
   46363    2126
   36377    2127
   15440    2128
   56420    2129
   39531    2130
   55220    2131
   30731    2132
   14479    2133
   40471    2134
    7384    2135
   53422    2136
   59745    2137
   24721    2138
    9644    2139
   50837    2140
   67941    2141
   43590    2142
   29014    2143
   66051    2144
   70783    2145
   10716    2146
    7868    2147
   58350    2148
   18927    2149
   19550    2150
   31372    2151
   55262    2152
   50238    2153
    2868    2154
   51343    2155
   56324    2156
   42047    2157
   36486    2158
   62456    2159
   64980    2160
   65962    2161
   47521    2162
   41501    2163
   47582    2164
   63938    2165
   49627    2166
   61291    2167
   53032    2168
   45040    2169
   56791    2170
   37320    2171
   72514    2172
    3842    2173
   38143    2174
   54296    2175
   48435    2176
   42212    2177
   47607    2178
   16535    2179
   66677    2180
   57270    2181
   22414    2182
   63401    2183
   32252    2184
   17950    2185
   53990    2186
   20565    2187
   59993    2188
   42830    2189
   34721    2190
    5157    2191
   48851    2192
   26084    2193
   23413    2194
   49970    2195
   72414    2196
   21374    2197
   69623    2198
   40378    2199
    4671    2200
   17295    2201
   55466    2202
   65419    2203
   34448    2204
   14406    2205
     924    2206
   71339    2207
   31443    2208
   49672    2209
     394    2210
   63362    2211
   59928    2212
   62289    2213
   59464    2214
   18680    2215
   19439    2216
   27017    2217
    8277    2218
   14099    2219
   37128    2220
   57774    2221
   64033    2222
   72701    2223
   59130    2224
   48472    2225
   67956    2226
   35602    2227
   13818    2228
   34661    2229
   64895    2230
   21969    2231
   38320    2232
   42040    2233
   31857    2234
   64494    2235
   34764    2236
   20673    2237
   64817    2238
   72450    2239
   13988    2240
   54985    2241
    6049    2242
   13380    2243
   64371    2244
   50295    2245
   14404    2246
   58645    2247
   19419    2248
   24518    2249
   53494    2250
   42599    2251
   68370    2252
   57813    2253
    1329    2254
   15255    2255
   65680    2256
   32974    2257
    5863    2258
   10584    2259
   38675    2260
   47600    2261
   48246    2262
   61743    2263
    3879    2264
   58086    2265
   53957    2266
   40137    2267
   70500    2268
   35085    2269
   43872    2270
   62951    2271
   43244    2272
   31198    2273
   23223    2274
   38474    2275
    4591    2276
    1451    2277
   37150    2278
   65632    2279
   62834    2280
   21826    2281
   21036    2282
   55566    2283
   46923    2284
   63990    2285
    2265    2286
    2860    2287
   15964    2288
   46483    2289
   33284    2290
   61895    2291
   48875    2292
   36589    2293
   28651    2294
   45033    2295
   32166    2296
   34188    2297
   58359    2298
   59347    2299
   12849    2300
    6104    2301
   29694    2302
   30806    2303
   20316    2304
   58253    2305
   57679    2306
   39956    2307
    7683    2308
    9197    2309
   58543    2310
    6968    2311
   35838    2312
   57549    2313
   59200    2314
   24289    2315
    6206    2316
   28227    2317
   35229    2318
   23176    2319
    3045    2320
   22386    2321
    1077    2322
   57903    2323
   22108    2324
   55982    2325
   55465    2326
   29258    2327
   38432    2328
   49666    2329
   59904    2330
   32365    2331
   15351    2332
   61000    2333
      77    2334
   17466    2335
   57569    2336
    9026    2337
   54590    2338
   54301    2339
     170    2340
   52554    2341
   10649    2342
   28258    2343
   22269    2344
   12557    2345
    2846    2346
   61219    2347
   65321    2348
   23946    2349
   56312    2350
   20256    2351
   26993    2352
   58599    2353
   27849    2354
   33367    2355
   61764    2356
   13620    2357
   39308    2358
    1275    2359
   34336    2360
    1505    2361
   31887    2362
   60258    2363
   63450    2364
   35178    2365
    3099    2366
   43903    2367
    9013    2368
   60158    2369
   15579    2370
    8563    2371
   61573    2372
   43827    2373
   43090    2374
   46068    2375
   12469    2376
   58820    2377
   31893    2378
   45259    2379
   63779    2380
   71250    2381
   55051    2382
    2520    2383
    3715    2384
   21206    2385
   60159    2386
    3113    2387
   62126    2388
   51275    2389
    3115    2390
    9986    2391
   35974    2392
   46488    2393
   54172    2394
   21804    2395
   50402    2396
   36317    2397
   44676    2398
    3724    2399
   69668    2400
   59274    2401
   29676    2402
   37655    2403
   16980    2404
   40213    2405
   47831    2406
   40977    2407
   39129    2408
   40837    2409
   59000    2410
   44510    2411
    3793    2412
   32215    2413
   35296    2414
   69502    2415
   67620    2416
   27664    2417
   49555    2418
   16812    2419
   63665    2420
   68141    2421
   33674    2422
   30432    2423
   10886    2424
   62629    2425
   67758    2426
   41244    2427
   50309    2428
    6480    2429
   27007    2430
   63912    2431
   37483    2432
   29855    2433
   22136    2434
   66637    2435
    2244    2436
   22259    2437
   19088    2438
   61010    2439
   49574    2440
   12336    2441
    3668    2442
    6034    2443
   61418    2444
   68725    2445
     464    2446
   42225    2447
   51254    2448
   59164    2449
   70429    2450
   54253    2451
   47937    2452
   66882    2453
    7411    2454
   39593    2455
    6239    2456
   35378    2457
   54012    2458
   69835    2459
   44591    2460
    4709    2461
   20393    2462
   27626    2463
   45864    2464
   68685    2465
   28711    2466
   44962    2467
    7892    2468
   11744    2469
   12279    2470
   20740    2471
   58257    2472
   36547    2473
     559    2474
   13728    2475
    4400    2476
   68524    2477
   24096    2478
   65643    2479
   30186    2480
   11904    2481
   20257    2482
    2822    2483
   18072    2484
   34896    2485
   53328    2486
   28303    2487
   44325    2488
    8579    2489
   29229    2490
   48406    2491
    3761    2492
   65324    2493
    7658    2494
   35997    2495
   34383    2496
    8646    2497
   46653    2498
    1099    2499
   61676    2500
   38131    2501
   61848    2502
   56228    2503
    4949    2504
   46688    2505
   30491    2506
   43478    2507
   25443    2508
   52519    2509
   24361    2510
   29514    2511
   35893    2512
   58568    2513
   63303    2514
   70625    2515
   54807    2516
   18820    2517
   64029    2518
   72703    2519
   11394    2520
   12298    2521
   70845    2522
   44494    2523
   30953    2524
   47861    2525
   13465    2526
   62454    2527
   52593    2528
      91    2529
   22056    2530
   45469    2531
   41284    2532
   20112    2533
   45627    2534
    4174    2535
   31660    2536
   36196    2537
   19769    2538
    8341    2539
   42172    2540
   14372    2541
   61252    2542
   15251    2543
   67800    2544
   10416    2545
   19504    2546
    7476    2547
   55526    2548
     452    2549
   55790    2550
   38541    2551
   23748    2552
   18790    2553
   45751    2554
   72369    2555
    7171    2556
   52826    2557
   42556    2558
     507    2559
   56746    2560
   54072    2561
   49760    2562
   61821    2563
   65481    2564
    6174    2565
   68224    2566
   61559    2567
   65564    2568
   18890    2569
   58936    2570
   67667    2571
   68138    2572
   50363    2573
    4740    2574
   39683    2575
   49903    2576
   63457    2577
   18595    2578
   64912    2579
   68382    2580
   69510    2581
   29872    2582
    1924    2583
   67243    2584
    3494    2585
   37307    2586
   41175    2587
   48303    2588
   31473    2589
   31402    2590
   18996    2591
    2573    2592
   60683    2593
   70537    2594
   63193    2595
   12228    2596
   58107    2597
   28647    2598
   57086    2599
    5505    2600
   44112    2601
   56645    2602
   16652    2603
   32445    2604
   18752    2605
   35152    2606
   70081    2607
   72340    2608
   67112    2609
   42323    2610
   35022    2611
   21625    2612
   49972    2613
   44142    2614
     364    2615
   59669    2616
   69900    2617
   12753    2618
   10273    2619
   30824    2620
     587    2621
   55856    2622
   47196    2623
   67724    2624
   23488    2625
    2849    2626
   12134    2627
   24058    2628
   15117    2629
   72915    2630
   61836    2631
   13116    2632
   48146    2633
   72819    2634
   20070    2635
    8778    2636
   13764    2637
    2005    2638
    8616    2639
   51524    2640
   50541    2641
   21971    2642
   32183    2643
   30145    2644
   30482    2645
   30790    2646
   63337    2647
   66264    2648
     641    2649
   42412    2650
   65693    2651
    3746    2652
   71304    2653
   34935    2654
   29173    2655
   26474    2656
   56857    2657
   13529    2658
   61979    2659
   70886    2660
   27693    2661
   59762    2662
   57308    2663
    3701    2664
   61339    2665
   24965    2666
   33952    2667
   39042    2668
   43039    2669
   59915    2670
    4727    2671
   16481    2672
   15018    2673
   49702    2674
   48017    2675
   15313    2676
   22231    2677
   45461    2678
   30678    2679
   57904    2680
   67483    2681
    5646    2682
   67911    2683
   16856    2684
   37972    2685
   62414    2686
   50485    2687
   47405    2688
   70928    2689
    4679    2690
   15070    2691
   25625    2692
   35123    2693
   20165    2694
   41730    2695
   38761    2696
    4797    2697
   19199    2698
   30402    2699
   25088    2700
   54756    2701
   19590    2702
   23332    2703
   16971    2704
   11727    2705
   60255    2706
   38796    2707
   46498    2708
   41042    2709
   35069    2710
   61103    2711
   25095    2712
   55607    2713
   63029    2714
    2919    2715
   60003    2716
   46256    2717
   23659    2718
    2952    2719
   49229    2720
    2457    2721
   23508    2722
   28364    2723
   31360    2724
   19335    2725
   40390    2726
   63936    2727
   24832    2728
   25219    2729
   42393    2730
   17951    2731
   17443    2732
   52242    2733
   45931    2734
    7828    2735
   21547    2736
   42305    2737
    9442    2738
   57047    2739
    2538    2740
   28461    2741
   16433    2742
   50681    2743
   71327    2744
   46699    2745
   25248    2746
   35315    2747
   63144    2748
   21517    2749
   29789    2750
   52207    2751
   19209    2752
   42041    2753
   58153    2754
   27717    2755
   35106    2756
   47730    2757
   20657    2758
   63411    2759
   18671    2760
    3843    2761
    1225    2762
   40264    2763
   72451    2764
   20292    2765
   31201    2766
   59359    2767
   57985    2768
    2885    2769
   59743    2770
   11544    2771
   11969    2772
   42929    2773
   72776    2774
   21438    2775
   51084    2776
   13440    2777
   15533    2778
   50903    2779
   35276    2780
   44472    2781
   23587    2782
   66794    2783
   35854    2784
   60907    2785
   12449    2786
   54371    2787
    8106    2788
    2013    2789
   61785    2790
    2707    2791
   49120    2792
   30752    2793
   64972    2794
   49537    2795
     315    2796
   62814    2797
    7665    2798
   28108    2799
   50536    2800
    8655    2801
     760    2802
   47501    2803
   16863    2804
   51342    2805
   35759    2806
   17270    2807
   53862    2808
   40951    2809
   56976    2810
   37299    2811
   33247    2812
   32560    2813
   10973    2814
    3816    2815
   50215    2816
   10351    2817
   69665    2818
   14976    2819
   28183    2820
   33085    2821
   13386    2822
   15601    2823
   22254    2824
   15539    2825
   58235    2826
   21162    2827
   67880    2828
   42545    2829
   48359    2830
   54815    2831
    6233    2832
   52225    2833
   50463    2834
   49084    2835
   61889    2836
   25525    2837
    9730    2838
   30622    2839
   26480    2840
   65895    2841
    4913    2842
   20676    2843
   52410    2844
   57944    2845
   20290    2846
   10875    2847
    2393    2848
   66464    2849
   40548    2850
   19699    2851
     205    2852
   54805    2853
   53195    2854
    9107    2855
   65196    2856
   58833    2857
    4309    2858
   55462    2859
   51746    2860
   59335    2861
   65644    2862
   52790    2863
   42681    2864
   33697    2865
   51963    2866
   13375    2867
   37526    2868
   59454    2869
   23600    2870
   61245    2871
   53489    2872
   42284    2873
   69089    2874
   68970    2875
   42938    2876
   11327    2877
    5464    2878
   56995    2879
   53646    2880
   45139    2881
   38354    2882
   15566    2883
    4793    2884
   59223    2885
   30927    2886
     966    2887
   62923    2888
   30627    2889
   17236    2890
   27566    2891
    6368    2892
   33876    2893
   52164    2894
   32446    2895
   56855    2896
   43837    2897
    5477    2898
   64974    2899
   33976    2900
   31019    2901
    4699    2902
   60276    2903
   24420    2904
   28478    2905
   63236    2906
    6324    2907
   62059    2908
   28400    2909
    5841    2910
    5681    2911
   16587    2912
    3477    2913
   23890    2914
    3803    2915
   34068    2916
   60145    2917
   11702    2918
   50508    2919
   65473    2920
   51257    2921
   47810    2922
   38737    2923
   39060    2924
   56804    2925
   45099    2926
   22221    2927
   57134    2928
   57609    2929
    6132    2930
   31600    2931
   51497    2932
   48455    2933
   13049    2934
    9079    2935
   68568    2936
   72867    2937
   53121    2938
   33779    2939
   52367    2940
   29314    2941
   18366    2942
   32522    2943
    3980    2944
    5350    2945
    3428    2946
   62552    2947
   51085    2948
   60586    2949
   59988    2950
   34122    2951
   11392    2952
   53632    2953
   32202    2954
   52489    2955
   13374    2956
   66370    2957
     259    2958
   12092    2959
   38263    2960
    1666    2961
   48922    2962
   58061    2963
   50283    2964
   26605    2965
   10396    2966
   14695    2967
    2579    2968
   71061    2969
   41250    2970
   53923    2971
   54139    2972
   32430    2973
   14928    2974
   32457    2975
   59718    2976
    4948    2977
   40870    2978
    2218    2979
   57494    2980
    1534    2981
   69329    2982
   39852    2983
   65358    2984
   36488    2985
   55567    2986
   33562    2987
   20006    2988
   47696    2989
   60117    2990
    5032    2991
    5780    2992
   52236    2993
   59752    2994
   47005    2995
    4750    2996
   65127    2997
    4498    2998
   32203    2999
   27436    3000
   34999    3001
    4213    3002
   71669    3003
   36803    3004
   17725    3005
   57983    3006
   68089    3007
    3135    3008
     563    3009
   19364    3010
   34590    3011
   55459    3012
   38724    3013
   52968    3014
   35716    3015
   51421    3016
   72525    3017
   33009    3018
   35437    3019
   37253    3020
   46171    3021
   18143    3022
   35330    3023
   32127    3024
   69834    3025
   56311    3026
   13439    3027
   36366    3028
   13111    3029
   28932    3030
   67521    3031
   65688    3032
   58761    3033
   21192    3034
   72348    3035
    1825    3036
   25674    3037
   33035    3038
   54297    3039
    9122    3040
    1218    3041
   57210    3042
   37096    3043
   38243    3044
   17198    3045
   70884    3046
   51809    3047
   40602    3048
   65116    3049
   70455    3050
   41618    3051
   21209    3052
   26103    3053
   10436    3054
   16550    3055
   17697    3056
   10744    3057
    7799    3058
   57183    3059
     121    3060
   32604    3061
   49883    3062
   68242    3063
   33726    3064
   56255    3065
   46455    3066
   13270    3067
   38067    3068
    9160    3069
   52843    3070
   67343    3071
   50805    3072
   10826    3073
   60358    3074
   72231    3075
   58586    3076
   50499    3077
   18986    3078
   51177    3079
     575    3080
   47321    3081
    7754    3082
   66270    3083
    2814    3084
   52847    3085
   60235    3086
   10981    3087
   62833    3088
   26267    3089
   69918    3090
   44927    3091
   20169    3092
   31481    3093
   27721    3094
   71419    3095
   25642    3096
   31932    3097
   13629    3098
   38258    3099
   70602    3100
   60056    3101
   31156    3102
   69643    3103
   23171    3104
   42309    3105
    2877    3106
   37011    3107
     355    3108
   53252    3109
    3553    3110
   72178    3111
   11817    3112
   26468    3113
   13176    3114
   67032    3115
   39784    3116
   56156    3117
   15230    3118
   25218    3119
   39637    3120
   26777    3121
   60533    3122
   44375    3123
   49848    3124
   65413    3125
   31161    3126
   61787    3127
   53482    3128
   71387    3129
    7577    3130
   34400    3131
   45175    3132
   71192    3133
   26997    3134
   33532    3135
   33704    3136
   51897    3137
   43016    3138
    3370    3139
   39984    3140
   59232    3141
   57896    3142
   21917    3143
   66435    3144
    3442    3145
   48064    3146
   13358    3147
   64986    3148
    6032    3149
   52924    3150
   69979    3151
   50489    3152
   20094    3153
   16618    3154
   63280    3155
   14551    3156
   22098    3157
   17771    3158
   11803    3159
   34356    3160
   26528    3161
   51554    3162
    2296    3163
   10624    3164
    1681    3165
   36375    3166
    8117    3167
   49849    3168
   19436    3169
   10523    3170
   39322    3171
   53265    3172
   40379    3173
   66841    3174
   38900    3175
   18180    3176
    1183    3177
   22964    3178
   64597    3179
   23893    3180
   51564    3181
   14410    3182
    4964    3183
   15020    3184
   27380    3185
   21523    3186
    8819    3187
   68408    3188
    8976    3189
   22290    3190
    7700    3191
   40503    3192
   47917    3193
   30303    3194
   63864    3195
   24177    3196
   57274    3197
   37213    3198
   59992    3199
   27382    3200
   61017    3201
   61699    3202
   14489    3203
   54053    3204
   38348    3205
   17668    3206
   11792    3207
   22917    3208
   36204    3209
   49554    3210
   72594    3211
   28027    3212
   54177    3213
   32602    3214
    1213    3215
   21534    3216
    6852    3217
    3379    3218
   41146    3219
   20391    3220
   69379    3221
   34778    3222
   49270    3223
   55407    3224
   36744    3225
   26603    3226
   71414    3227
   14517    3228
   69050    3229
   52080    3230
   27493    3231
    6295    3232
   20375    3233
   29017    3234
   56635    3235
    4280    3236
   22896    3237
   70297    3238
   47776    3239
   53141    3240
   16145    3241
   41593    3242
   50651    3243
   11111    3244
   15803    3245
   71597    3246
   22804    3247
   64498    3248
   41182    3249
   56606    3250
   36958    3251
   14877    3252
   65988    3253
   50001    3254
   27034    3255
    8950    3256
   31850    3257
   14288    3258
    3180    3259
   13899    3260
   23730    3261
    6011    3262
   14376    3263
   22052    3264
   24836    3265
   11861    3266
   25613    3267
   71496    3268
   24074    3269
   44937    3270
   72082    3271
   53271    3272
   34077    3273
   42330    3274
   69487    3275
   70973    3276
   44986    3277
    2633    3278
   21834    3279
   49196    3280
   22939    3281
   55400    3282
   30870    3283
     247    3284
    7979    3285
   56189    3286
    3984    3287
   49753    3288
   71719    3289
   11313    3290
   38070    3291
   50455    3292
   31766    3293
   24245    3294
   50726    3295
   29955    3296
   64742    3297
   48518    3298
   42999    3299
   71447    3300
   61437    3301
   50428    3302
    8816    3303
   49556    3304
   67654    3305
   21989    3306
   46434    3307
    3205    3308
   68692    3309
   44531    3310
   70392    3311
   37025    3312
   68965    3313
   53843    3314
    5236    3315
   32110    3316
   17893    3317
   65794    3318
   65955    3319
   53924    3320
   70674    3321
   56410    3322
    9955    3323
    8410    3324
   46854    3325
    8168    3326
   30405    3327
    1301    3328
   42348    3329
   38560    3330
   48129    3331
   10511    3332
   42481    3333
   59872    3334
   56282    3335
    6540    3336
   31378    3337
   32317    3338
    9948    3339
   35182    3340
    5655    3341
   51762    3342
   68193    3343
   49459    3344
   54776    3345
   45701    3346
    7953    3347
   65508    3348
   68539    3349
   12022    3350
    3348    3351
   58466    3352
   50434    3353
   49974    3354
   54574    3355
   39342    3356
    2972    3357
   32717    3358
   14063    3359
   71724    3360
    4753    3361
   62076    3362
    6665    3363
   51385    3364
   66973    3365
   59671    3366
    3946    3367
   17623    3368
   50644    3369
   54294    3370
   46767    3371
   12911    3372
   16109    3373
   47499    3374
    8790    3375
   11259    3376
   12003    3377
   71099    3378
   62090    3379
   10138    3380
   71424    3381
   44759    3382
   21953    3383
   52234    3384
   46461    3385
    6973    3386
    5068    3387
   65277    3388
   52679    3389
   36728    3390
   46797    3391
   63898    3392
   11371    3393
   13155    3394
   27125    3395
   15383    3396
   19828    3397
    6289    3398
   44243    3399
   40167    3400
   38078    3401
   34257    3402
   21653    3403
   63764    3404
   22194    3405
   16010    3406
    5074    3407
   10243    3408
   52588    3409
   56996    3410
   28315    3411
   15104    3412
   26604    3413
   27916    3414
   60249    3415
   45787    3416
   65526    3417
   72354    3418
   38938    3419
   39017    3420
   13219    3421
    3003    3422
   34543    3423
   21762    3424
   22003    3425
    6731    3426
   19032    3427
   55370    3428
   57288    3429
   31925    3430
    8264    3431
     448    3432
   38783    3433
   45961    3434
   27518    3435
   51106    3436
   42251    3437
   33115    3438
   31701    3439
   21661    3440
   18837    3441
   57777    3442
   62610    3443
    2730    3444
   51116    3445
   22607    3446
   11595    3447
   24355    3448
   32563    3449
   18266    3450
   60088    3451
   14912    3452
   49939    3453
   64534    3454
   62914    3455
    4297    3456
   20399    3457
    1112    3458
   13276    3459
    1260    3460
   40509    3461
   15241    3462
   31344    3463
   55169    3464
   55740    3465
   62513    3466
   18040    3467
   10374    3468
   37209    3469
   62306    3470
   54101    3471
   12259    3472
   37634    3473
   22548    3474
   65407    3475
   50723    3476
   20890    3477
   52472    3478
   42859    3479
    3167    3480
   56469    3481
   23851    3482
   30571    3483
   67786    3484
   41404    3485
   33960    3486
   70833    3487
   65731    3488
   57968    3489
   57539    3490
   17745    3491
   33252    3492
   69789    3493
   40076    3494
   10323    3495
   23514    3496
   37395    3497
    8240    3498
    9620    3499
    7092    3500
   50216    3501
   59506    3502
   43397    3503
   62384    3504
   10651    3505
   69750    3506
   55455    3507
   34230    3508
   65154    3509
   36298    3510
   13171    3511
   62983    3512
   44834    3513
   67411    3514
    5455    3515
   49267    3516
   60464    3517
   56286    3518
    5223    3519
   53302    3520
   59309    3521
   69824    3522
   13173    3523
   52579    3524
   59451    3525
   56875    3526
   16774    3527
   61672    3528
   25811    3529
    7780    3530
   58149    3531
   38742    3532
   29613    3533
   20655    3534
   53897    3535
   29792    3536
   15990    3537
   45112    3538
   28385    3539
   63423    3540
     187    3541
   18891    3542
   34657    3543
   40546    3544
   56755    3545
   71097    3546
   21025    3547
   69020    3548
   48883    3549
   71297    3550
   52216    3551
   20421    3552
   36896    3553
   23535    3554
    1323    3555
   47309    3556
   34161    3557
   57405    3558
   15824    3559
   32103    3560
   18205    3561
   71420    3562
     298    3563
   15136    3564
    9879    3565
   68302    3566
   65507    3567
   63949    3568
   62475    3569
   35648    3570
   72276    3571
   49661    3572
   31590    3573
    8584    3574
    7964    3575
   25130    3576
    3531    3577
    6529    3578
   22272    3579
   40702    3580
    1656    3581
   51988    3582
   48323    3583
   35155    3584
   46314    3585
   12906    3586
   24961    3587
   14000    3588
   23047    3589
    6827    3590
   44656    3591
   59801    3592
   51073    3593
   34966    3594
   41122    3595
    4449    3596
   54726    3597
    1772    3598
    4850    3599
   44886    3600
   26076    3601
   54962    3602
    1116    3603
   28247    3604
   39563    3605
   49553    3606
   14872    3607
   57598    3608
   70022    3609
   70365    3610
   57219    3611
   28344    3612
   50785    3613
   17251    3614
   48459    3615
   68843    3616
   27523    3617
   61651    3618
   22877    3619
   52859    3620
   55631    3621
    7003    3622
   68447    3623
   13817    3624
   12117    3625
   40210    3626
   23360    3627
   28447    3628
   72398    3629
    7859    3630
   20140    3631
   46903    3632
   61333    3633
    7403    3634
   69370    3635
   43549    3636
    2903    3637
   70268    3638
   11003    3639
   61475    3640
   27608    3641
    9923    3642
   28091    3643
   59749    3644
    8719    3645
   58154    3646
   31712    3647
   14249    3648
   30693    3649
   18866    3650
   36909    3651
   63562    3652
   29352    3653
   44024    3654
   24068    3655
   57602    3656
   16536    3657
    6639    3658
    6528    3659
   42594    3660
   59045    3661
   31608    3662
   47949    3663
   41362    3664
   18187    3665
    8983    3666
   20098    3667
    3777    3668
   11651    3669
   28527    3670
   63282    3671
   37038    3672
    4528    3673
   41665    3674
   26539    3675
   25325    3676
   69462    3677
   29816    3678
   47784    3679
   18181    3680
    8614    3681
     347    3682
   61336    3683
   27647    3684
   25676    3685
   65894    3686
    2291    3687
   25630    3688
   38575    3689
   29326    3690
   59292    3691
   52051    3692
   64508    3693
   36593    3694
   39834    3695
   54111    3696
   53476    3697
     479    3698
   37237    3699
    5496    3700
   56075    3701
   46130    3702
    7730    3703
   12380    3704
   15324    3705
   11658    3706
   22778    3707
    4128    3708
   36825    3709
    1454    3710
   12674    3711
   55375    3712
    3726    3713
   48652    3714
   68657    3715
   17337    3716
   44831    3717
   68420    3718
   39632    3719
   49095    3720
   46292    3721
   43492    3722
   55766    3723
   17740    3724
   64189    3725
   24202    3726
   32514    3727
    9866    3728
   54816    3729
   59880    3730
   20625    3731
   65969    3732
   56923    3733
   44001    3734
   51852    3735
   27176    3736
   70874    3737
   34287    3738
   23052    3739
   67499    3740
    5380    3741
   20154    3742
   29546    3743
    3718    3744
   43734    3745
   41917    3746
    8050    3747
   44426    3748
   34700    3749
   70230    3750
   68721    3751
   23170    3752
    5731    3753
   62791    3754
   18943    3755
   45472    3756
    3942    3757
   30201    3758
   38284    3759
   53552    3760
   59663    3761
   68631    3762
   49900    3763
   18140    3764
   52340    3765
    2327    3766
   55137    3767
     458    3768
   57044    3769
   71548    3770
   67438    3771
   36524    3772
   61827    3773
   31454    3774
   15663    3775
    4707    3776
   55885    3777
   47563    3778
   63729    3779
    5286    3780
   29878    3781
   42628    3782
    5006    3783
   11250    3784
   41858    3785
   15742    3786
   27300    3787
   34965    3788
   65748    3789
   44635    3790
   72284    3791
   20217    3792
   44259    3793
   52668    3794
   37446    3795
   46895    3796
   57667    3797
   41962    3798
   25495    3799
    2029    3800
   13993    3801
   18876    3802
   22865    3803
     365    3804
   37631    3805
    5500    3806
   53217    3807
   56712    3808
   10055    3809
    4959    3810
   22155    3811
   22860    3812
    6960    3813
   57209    3814
   66581    3815
   17347    3816
   58422    3817
   19043    3818
   52897    3819
   16329    3820
   40353    3821
   56778    3822
   41153    3823
   63725    3824
   19675    3825
   72784    3826
    8541    3827
   45565    3828
   36431    3829
    6171    3830
   29419    3831
   65673    3832
   64662    3833
   51693    3834
   50495    3835
   37086    3836
   71396    3837
   27854    3838
   53759    3839
   14407    3840
     887    3841
   13328    3842
   62507    3843
   51797    3844
   61536    3845
   71221    3846
    6948    3847
   66083    3848
   21238    3849
   70992    3850
   20376    3851
    6613    3852
   27818    3853
    3062    3854
   11692    3855
   25070    3856
   39556    3857
   18437    3858
   59540    3859
   13857    3860
   57924    3861
   38069    3862
   48871    3863
   63420    3864
   67665    3865
   50638    3866
   43892    3867
    9335    3868
   38830    3869
   14019    3870
   65888    3871
   62986    3872
   61409    3873
   72041    3874
   51584    3875
   56476    3876
   51740    3877
   45983    3878
   16079    3879
   24920    3880
   72818    3881
   65944    3882
   63836    3883
   46729    3884
   44642    3885
   70693    3886
   54065    3887
    9926    3888
   29201    3889
   33308    3890
   15937    3891
   53748    3892
   47803    3893
   41554    3894
   69435    3895
   41049    3896
   13859    3897
   24257    3898
   14417    3899
   45260    3900
   12807    3901
   71417    3902
   37479    3903
   23850    3904
   17791    3905
    2544    3906
    4961    3907
    2702    3908
   11208    3909
    4077    3910
   36548    3911
   71596    3912
   61050    3913
    6172    3914
   15098    3915
   34895    3916
    6443    3917
   67635    3918
   19931    3919
   57302    3920
   26197    3921
   54982    3922
   13398    3923
   21101    3924
   39958    3925
   51894    3926
   56001    3927
   56137    3928
   25900    3929
   69213    3930
   38613    3931
   27660    3932
   33790    3933
   50845    3934
   44628    3935
   38951    3936
   52792    3937
   27675    3938
    6903    3939
   35463    3940
     172    3941
   16876    3942
   60926    3943
   21333    3944
   69183    3945
    2313    3946
    8041    3947
   68171    3948
   27948    3949
   45673    3950
   50810    3951
    2467    3952
   64165    3953
   22352    3954
   62990    3955
    1737    3956
   26357    3957
   28013    3958
   24727    3959
   37608    3960
   13870    3961
    4655    3962
   55356    3963
   49400    3964
   38132    3965
   50136    3966
    3094    3967
   42727    3968
   41500    3969
   33185    3970
    7057    3971
   48244    3972
   69559    3973
   61757    3974
   10541    3975
   48169    3976
   64202    3977
    7069    3978
   52050    3979
   31692    3980
   11192    3981
   69404    3982
   42700    3983
    7638    3984
    7298    3985
   43615    3986
   18134    3987
   19324    3988
   18827    3989
   68291    3990
   70661    3991
    6019    3992
   56616    3993
   14399    3994
    8009    3995
   30961    3996
   24201    3997
   18032    3998
   62396    3999
   67055    4000
   51024    4001
   60774    4002
   35039    4003
   46141    4004
   54240    4005
   15929    4006
   19849    4007
   43282    4008
   50372    4009
    5834    4010
   69847    4011
   67277    4012
   41181    4013
   36388    4014
   49272    4015
   52024    4016
   58508    4017
   64159    4018
   29453    4019
   52838    4020
   43024    4021
    8247    4022
   42159    4023
   37761    4024
   27624    4025
   40242    4026
    4383    4027
   58577    4028
   59916    4029
   44526    4030
   12990    4031
   14414    4032
   46343    4033
   29539    4034
   10924    4035
   30248    4036
   39769    4037
   28778    4038
   65257    4039
    7233    4040
   67773    4041
   14993    4042
   59054    4043
   22554    4044
   72512    4045
   56195    4046
    7524    4047
   45795    4048
   64433    4049
   70106    4050
   50072    4051
   52530    4052
     768    4053
   40255    4054
   50073    4055
   52439    4056
   65379    4057
   38605    4058
   35772    4059
   38014    4060
   68330    4061
   47271    4062
   26330    4063
   24022    4064
   45622    4065
   60732    4066
   53694    4067
   11280    4068
   28734    4069
   12693    4070
   17683    4071
   36155    4072
   31390    4073
   10636    4074
   71659    4075
   52305    4076
    9602    4077
   68407    4078
   72011    4079
   40568    4080
   50206    4081
   41191    4082
    7129    4083
   45485    4084
   32023    4085
   33064    4086
   60896    4087
    2109    4088
   27705    4089
   36850    4090
   52500    4091
   43698    4092
   49901    4093
   69120    4094
   25510    4095
   60416    4096
   15135    4097
   34660    4098
   11713    4099
   40704    4100
   71298    4101
   54497    4102
   30129    4103
   44965    4104
   38549    4105
   39236    4106
   50545    4107
   28435    4108
    4631    4109
    9912    4110
   43028    4111
   38894    4112
   41238    4113
   51828    4114
   64196    4115
   10626    4116
    4117    4117
   37993    4118
   57765    4119
    7841    4120
   18398    4121
   50210    4122
   52461    4123
   32523    4124
   49509    4125
   16377    4126
   13902    4127
   44047    4128
   34184    4129
   11312    4130
   39616    4131
   57322    4132
   28011    4133
     242    4134
   18178    4135
   51823    4136
   23439    4137
   12594    4138
    2692    4139
   26062    4140
    6805    4141
   45817    4142
   66306    4143
   62167    4144
   16627    4145
   34285    4146
   71151    4147
    2580    4148
   11891    4149
   57080    4150
   47456    4151
   56139    4152
   12857    4153
   40980    4154
   47668    4155
   72792    4156
   37728    4157
   47410    4158
   56450    4159
    9189    4160
   71966    4161
   59272    4162
   45563    4163
   19907    4164
   40163    4165
   62738    4166
   51651    4167
   39940    4168
    8122    4169
   71057    4170
   67921    4171
   12834    4172
   56567    4173
   11872    4174
    6574    4175
    5294    4176
   10870    4177
   15062    4178
   46454    4179
   31795    4180
   62395    4181
   42760    4182
   27119    4183
   47113    4184
   36045    4185
   54871    4186
   48824    4187
   67356    4188
   70670    4189
   58477    4190
   53636    4191
   24262    4192
   33886    4193
   59126    4194
   31697    4195
   10018    4196
   52447    4197
   23238    4198
    4148    4199
   63404    4200
   13540    4201
   44288    4202
   23194    4203
     751    4204
    7047    4205
   68020    4206
   11325    4207
   25636    4208
   60602    4209
   51856    4210
   13031    4211
   19498    4212
   51476    4213
   49762    4214
   23449    4215
   51374    4216
   41263    4217
    6599    4218
   16320    4219
   64670    4220
   35941    4221
   64931    4222
   27416    4223
   43433    4224
   21366    4225
   14658    4226
    7538    4227
   52092    4228
   45372    4229
   63043    4230
      67    4231
   68034    4232
   63026    4233
   18352    4234
   36087    4235
   27480    4236
   38074    4237
   66690    4238
   31131    4239
   26884    4240
   26935    4241
   17569    4242
   24585    4243
   53954    4244
   13286    4245
    7653    4246
   59027    4247
   70318    4248
   15422    4249
   56692    4250
   45395    4251
   39977    4252
   14553    4253
   40998    4254
   71900    4255
    3318    4256
   41481    4257
   24854    4258
   22330    4259
   14892    4260
   36710    4261
   29267    4262
   17098    4263
   61384    4264
   69732    4265
   61238    4266
   18696    4267
   25643    4268
   63333    4269
   23210    4270
    2647    4271
   60934    4272
   50412    4273
    1192    4274
   55361    4275
   50141    4276
   12963    4277
   55337    4278
   23989    4279
   26025    4280
   67711    4281
   53105    4282
   10696    4283
   43656    4284
   52361    4285
   57343    4286
   23339    4287
   51408    4288
   47886    4289
   21407    4290
   34026    4291
   53004    4292
   18833    4293
   69222    4294
   32610    4295
   57645    4296
   21677    4297
   50410    4298
   25051    4299
   31642    4300
   60455    4301
   52172    4302
   69647    4303
   24972    4304
   13172    4305
   31911    4306
   34415    4307
   53219    4308
    7924    4309
   72491    4310
   59058    4311
   52619    4312
   36162    4313
   68371    4314
   21067    4315
   25718    4316
   24421    4317
   69528    4318
   56594    4319
   35095    4320
   30002    4321
   71143    4322
   32669    4323
   17174    4324
    2818    4325
   30650    4326
    3013    4327
   42806    4328
    6390    4329
   46647    4330
    6625    4331
   49605    4332
   72940    4333
   24783    4334
   22515    4335
    3700    4336
   53802    4337
   49955    4338
    2456    4339
   71515    4340
   44662    4341
   38661    4342
   15978    4343
   35210    4344
   49930    4345
   27789    4346
   45325    4347
   31092    4348
   40705    4349
   28513    4350
   12367    4351
   63915    4352
   10166    4353
   35999    4354
    8964    4355
   38207    4356
   52681    4357
   38980    4358
   33924    4359
   10135    4360
   46517    4361
   65966    4362
   56575    4363
   43138    4364
   36633    4365
   11632    4366
   31153    4367
   52247    4368
   61987    4369
   64416    4370
   31708    4371
   62296    4372
   53976    4373
   16446    4374
   51329    4375
   33560    4376
   37866    4377
    8553    4378
    5654    4379
   17238    4380
   45252    4381
   14444    4382
   46503    4383
   18578    4384
     917    4385
   60981    4386
   28873    4387
   25446    4388
   54127    4389
   63478    4390
   15464    4391
   63312    4392
   55681    4393
   63804    4394
   10321    4395
   56339    4396
   56277    4397
   33657    4398
    7054    4399
   72393    4400
   68059    4401
   14996    4402
     841    4403
   22880    4404
    1552    4405
   68853    4406
   49190    4407
   49277    4408
     711    4409
    1953    4410
   34900    4411
   13237    4412
   61684    4413
   28382    4414
   13768    4415
   32726    4416
   65729    4417
    6422    4418
   11382    4419
   31703    4420
   33439    4421
    5647    4422
    1847    4423
   12900    4424
   28367    4425
   71551    4426
   13846    4427
   61667    4428
   46079    4429
    7871    4430
   60964    4431
   72562    4432
   63773    4433
   53998    4434
   16617    4435
   54117    4436
    5987    4437
   72215    4438
   39796    4439
   12345    4440
   65636    4441
   47356    4442
   27859    4443
   41715    4444
   38617    4445
   32638    4446
   47799    4447
   41942    4448
   69010    4449
   47144    4450
   65103    4451
    6472    4452
   27596    4453
   59522    4454
   51512    4455
   53821    4456
   51532    4457
   50070    4458
   41654    4459
    5714    4460
    2304    4461
    8543    4462
   45279    4463
   57870    4464
   56961    4465
    8623    4466
   21346    4467
   36922    4468
   19814    4469
   22151    4470
   47802    4471
   25404    4472
   43487    4473
   58313    4474
   16629    4475
   60675    4476
    1119    4477
   64864    4478
   55244    4479
   23568    4480
   56979    4481
   66006    4482
   40447    4483
   62798    4484
   38397    4485
   66945    4486
   44992    4487
   50009    4488
    5170    4489
   16263    4490
   16024    4491
   47057    4492
   34045    4493
   59691    4494
   49261    4495
   30734    4496
   72184    4497
   37440    4498
   54400    4499
   56547    4500
   13598    4501
   24246    4502
   29276    4503
   20979    4504
   46048    4505
   35217    4506
   11816    4507
   48721    4508
   24163    4509
    8022    4510
   10950    4511
   21830    4512
   26594    4513
   14789    4514
   46670    4515
   31426    4516
   64435    4517
   68789    4518
   56254    4519
   17478    4520
   59908    4521
   34130    4522
   22282    4523
   21110    4524
   71622    4525
   10056    4526
    2424    4527
   24736    4528
    8920    4529
   62715    4530
   70615    4531
   43507    4532
   43035    4533
   44799    4534
   49053    4535
   33102    4536
   59405    4537
   18283    4538
    4929    4539
   37289    4540
    6202    4541
   24106    4542
   32126    4543
   56322    4544
   54869    4545
   40887    4546
   29764    4547
   38287    4548
   53426    4549
   14943    4550
   65351    4551
   61830    4552
   71777    4553
   69059    4554
   11908    4555
   24955    4556
   61477    4557
     724    4558
   22614    4559
   61997    4560
    6605    4561
   46987    4562
   70428    4563
    2267    4564
   25476    4565
   52960    4566
   56600    4567
    9394    4568
   42400    4569
   36210    4570
   34416    4571
   37192    4572
   20237    4573
   60635    4574
   32571    4575
   52368    4576
   66786    4577
   12668    4578
   64155    4579
   17885    4580
   18930    4581
   15728    4582
   71846    4583
   37515    4584
   25763    4585
   16566    4586
   30836    4587
   68060    4588
   51958    4589
   45285    4590
   19271    4591
    6576    4592
    6850    4593
   25798    4594
   28611    4595
   15061    4596
   40323    4597
   40842    4598
   23765    4599
   66287    4600
   50804    4601
   25927    4602
   41970    4603
   54206    4604
   46691    4605
   37553    4606
   27507    4607
   68209    4608
   42841    4609
   51889    4610
   72725    4611
   18605    4612
   23599    4613
   45530    4614
   56425    4615
   69972    4616
    5774    4617
   13307    4618
   72188    4619
   60226    4620
   34940    4621
    4403    4622
   33051    4623
   37668    4624
   27276    4625
   37808    4626
   21678    4627
   40087    4628
   38658    4629
   30353    4630
   28803    4631
   10445    4632
   12812    4633
   72289    4634
   30433    4635
   37640    4636
   54378    4637
   34138    4638
   72160    4639
   44447    4640
    5927    4641
   44233    4642
   56021    4643
   65038    4644
    3595    4645
   25783    4646
   68268    4647
    7564    4648
   26723    4649
    9995    4650
   68074    4651
    8385    4652
   21796    4653
   53115    4654
   27623    4655
   70823    4656
    5173    4657
   21852    4658
   24711    4659
   21967    4660
   36793    4661
   37492    4662
   45658    4663
    6264    4664
   37507    4665
   50557    4666
   21973    4667
   53346    4668
   41210    4669
   29078    4670
   24873    4671
   15387    4672
   63880    4673
   49833    4674
   43773    4675
   53095    4676
   56185    4677
   57043    4678
   55545    4679
   60899    4680
   16136    4681
   11843    4682
    3609    4683
   29172    4684
   49894    4685
    6048    4686
   16029    4687
   63022    4688
   40041    4689
    6924    4690
   22590    4691
   25878    4692
   11169    4693
   44355    4694
   31113    4695
   46514    4696
   67466    4697
    3612    4698
   66590    4699
   19611    4700
   47216    4701
   55591    4702
   24381    4703
    8037    4704
   23911    4705
   31596    4706
   44647    4707
   51486    4708
   18263    4709
   41930    4710
   45922    4711
   52934    4712
   18020    4713
    2044    4714
   63467    4715
   38642    4716
    5387    4717
   68417    4718
   22477    4719
   23968    4720
    8111    4721
   15282    4722
   54395    4723
   25408    4724
   69284    4725
   28348    4726
   46015    4727
   69047    4728
   39706    4729
    9143    4730
   64879    4731
   17130    4732
   16420    4733
    7529    4734
   54022    4735
   35660    4736
   50605    4737
   27803    4738
   68981    4739
   61505    4740
   70677    4741
   49620    4742
    5319    4743
   51100    4744
     163    4745
   55140    4746
   52882    4747
   54344    4748
    2550    4749
   58610    4750
   16902    4751
   60603    4752
     808    4753
   61881    4754
   41600    4755
   12786    4756
   11935    4757
   44655    4758
   48644    4759
   41527    4760
   50975    4761
   49179    4762
   27509    4763
   19191    4764
   25149    4765
   42626    4766
    2578    4767
   55975    4768
   62182    4769
   12037    4770
   21963    4771
   26250    4772
   13960    4773
   56573    4774
   10659    4775
   50763    4776
   62075    4777
   10119    4778
   48127    4779
   65892    4780
   33370    4781
   59049    4782
   53896    4783
   21980    4784
   70497    4785
   58652    4786
   30335    4787
   26305    4788
   31227    4789
    5581    4790
    1989    4791
   43803    4792
   41395    4793
   71784    4794
   57979    4795
   54437    4796
   67159    4797
    7230    4798
   68306    4799
   33087    4800
   40850    4801
   57612    4802
   37029    4803
     338    4804
    9565    4805
    3623    4806
   69723    4807
   47662    4808
   58495    4809
   71222    4810
   37865    4811
   20185    4812
   41875    4813
   67602    4814
   40387    4815
   43208    4816
   54324    4817
   51110    4818
   36969    4819
   48118    4820
    4607    4821
   62471    4822
   43821    4823
    7218    4824
   23427    4825
   66014    4826
   41652    4827
   16605    4828
   42091    4829
   66067    4830
   50222    4831
   41214    4832
   72386    4833
   14918    4834
   55457    4835
   63323    4836
   35446    4837
    8208    4838
    5131    4839
   68157    4840
    4795    4841
    7581    4842
   47383    4843
   14036    4844
   25942    4845
   24018    4846
   27801    4847
   52978    4848
   15593    4849
   11098    4850
   12015    4851
   47348    4852
   44155    4853
   62656    4854
    8838    4855
   42563    4856
   31254    4857
   27922    4858
    1696    4859
   54162    4860
   70396    4861
   65907    4862
   49451    4863
   68601    4864
   13236    4865
   65998    4866
    5875    4867
   47427    4868
   29734    4869
   72715    4870
   59847    4871
   59911    4872
   13583    4873
   22897    4874
   11898    4875
   14785    4876
   45163    4877
   57254    4878
   30658    4879
   32617    4880
   65376    4881
    1731    4882
   38441    4883
   22147    4884
   50663    4885
   19165    4886
   60562    4887
   22013    4888
   39936    4889
    6517    4890
   62576    4891
   18636    4892
   24299    4893
   40826    4894
   53323    4895
   28717    4896
   53028    4897
   57757    4898
   54795    4899
   70267    4900
   34084    4901
   20258    4902
   65333    4903
   56629    4904
   22417    4905
   49925    4906
   72696    4907
   39708    4908
   60426    4909
   70540    4910
   37622    4911
   44813    4912
   47153    4913
    8175    4914
   61528    4915
   38771    4916
   31189    4917
   27804    4918
   41842    4919
   11962    4920
   45404    4921
    4062    4922
   63650    4923
   72186    4924
   40240    4925
   25931    4926
   21292    4927
   25391    4928
   65469    4929
   29487    4930
   63575    4931
   30457    4932
    5951    4933
    8690    4934
   32147    4935
   47691    4936
   25982    4937
   70058    4938
   61868    4939
   46086    4940
   68596    4941
   10281    4942
   31409    4943
   54067    4944
    9731    4945
   24009    4946
   61694    4947
    7453    4948
   66405    4949
    2138    4950
   66650    4951
   59945    4952
   16245    4953
   68094    4954
   64661    4955
   61376    4956
   47236    4957
     875    4958
   63986    4959
   55410    4960
   63287    4961
    3720    4962
   20274    4963
   50338    4964
   58209    4965
   20634    4966
    3251    4967
   12677    4968
   45160    4969
   67940    4970
    8145    4971
   39393    4972
   57710    4973
   12487    4974
   16513    4975
   42297    4976
   63656    4977
   56233    4978
   22591    4979
   23757    4980
   19601    4981
   61801    4982
     949    4983
   10995    4984
    1503    4985
   37431    4986
   53697    4987
   67012    4988
   30525    4989
   25860    4990
   21743    4991
   25833    4992
   64652    4993
   45710    4994
   27853    4995
    5964    4996
    6976    4997
   11145    4998
   39229    4999
   14189    5000
   49929    5001
   56328    5002
   26742    5003
   63158    5004
   27435    5005
   10829    5006
   70593    5007
   42647    5008
   48109    5009
   40732    5010
   58635    5011
     844    5012
   14688    5013
   23026    5014
   30463    5015
   50140    5016
   36837    5017
   57333    5018
   19826    5019
   37713    5020
    6278    5021
   15517    5022
   25326    5023
   57034    5024
   70718    5025
   47461    5026
   50091    5027
   62416    5028
    5288    5029
   66951    5030
   28335    5031
   67465    5032
   67426    5033
   19508    5034
   65405    5035
   49773    5036
   57159    5037
   69710    5038
   58834    5039
   42007    5040
    5121    5041
   44878    5042
   40220    5043
   19692    5044
   27616    5045
   19801    5046
   21467    5047
   25102    5048
   28788    5049
   29028    5050
   15581    5051
   16738    5052
   31836    5053
   43496    5054
   52677    5055
   11630    5056
   53478    5057
   38349    5058
   48425    5059
   64420    5060
   60271    5061
   38009    5062
   11184    5063
   68967    5064
   66684    5065
    7789    5066
   40112    5067
   65814    5068
   49598    5069
   15599    5070
   62425    5071
   52652    5072
   71957    5073
   17231    5074
   30379    5075
   63997    5076
   39935    5077
    8203    5078
   27446    5079
   42709    5080
   22691    5081
   37680    5082
   24552    5083
   72914    5084
   29540    5085
   53525    5086
   65411    5087
   26214    5088
   22190    5089
   56714    5090
    4211    5091
    6369    5092
   56799    5093
   32235    5094
   28048    5095
   68598    5096
   41512    5097
   64520    5098
     579    5099
    7293    5100
   68398    5101
   36901    5102
   45010    5103
   22127    5104
   14180    5105
   18234    5106
   44873    5107
   19723    5108
   37544    5109
   44679    5110
